1 1
2 4 36 22 54 20 71 95 28 45 11 70 57 5 17 82 69 77 83 96 43 84 93 46 61 67 60 55 73 12 41 13 68 48
3 57 35 87 27 18 43 70 17 54 65 63 1 79 47 39 38 59 61 28 81 30 34 41 25 42 6 50 99 7 8 26 98 36 20 22 76 89 91 74 4 14 46 49 60 12 71 88 5 56
4 63 78 26 22 24 34 57 14 62 4 95 81 72 74 56 58 17 87 83 96 100 99 51 30 29 64 50 18 39 66 13 15 92 65 71 67 73 43 38 2 46 55 59 79 44 1 84 36 94 70 23
5 90 8 96 62 9 85 73 68 93 50 29 69 31 36 76 98 25 42 92 34 89 15 33 16 63 95 27 11 22 53
6 91 27 62 90 66 9 52 83 85 74 55 98 99 7 37 73 10 69 34 12 38 26 51 3 100 1 25 43 23 46 15 21 42 47 19 96 6 39 2 67 58 8 18 20 36 75 16 88 86 92 79 61 30 59 65 32 54 94 49 41 35 13 48 64 87 97 45 24 4 22 70 56 95 60 76 33 89 40 11 80 84 72 81 57 17 53 29
7 23 76 16 31 81 62 11 98 57 36 42 93 4 51 87 35 66 3 40 82 43 85 99 53 72 9 46 30 52 60
8 14 53 38 71 67 25 57 45 34 7 97 65 93 85 86 50 89 20 22 36 87 18 56 63 49 26 43 28 79 52 70 16 68 32 10 91 98 82 92 47 75 44 40 9 33 62 15 96 72 30 64 58 90
9 99 25 61 64 19 79 46 96 38 74 93 28 65 33 41 53 84 63 30 54 48 14 87 59 29 6 43 5 34 62 44 35 50 1 20 3 69 26 80
10 8 28 93 36 59 20 94 96 75 89 30 22 35 44 87 23 100 88 99 9 91 17 82 13 56 78 67 2 62 90 26 64 51 74 81 4 45 12 72 39 68 50 52 15 84 38 42 47 92
11 24 18 25 7 29 47 41 14 98 3 60 22 66 19 51 100 26 73 38 31 77 6 1 75 79 88 48 27 67 95 92 8 69 9 87 39 96 82 78 36 99 64 80 49 2 97 34 20 32 90 65 50 12 54 76 83 33 56 57 30 62 37 70 13 91 55 16 4 21 72 15
12 39 16 30 53 62 49 82 51 17 93 8 81 14 7 74 18 40 26 34 80 47 73 60 36 6 33 44 65 29 76 94 54 61 87 19 97 71 10 15 25 64 90 100 42 22 27 67 63 95 41 98 24 32 20 50 52 96 89 91 75 4 86 79 31 11 45 56 9 55 77 23 37 46 68 69
13 90 95 57 72 20 27 64 23 17 9 56 15 25 73 86 30 1 50 68 6 71 41 8 39 48 55 84 53 96 87 43 100 16 58 4 77 79 44 45 24 7 89 29 34 33 62 82 80 13 69 85 74 26 21 91 66 51 54 92 22 75 97 63 83 5 46 88 12 76 10 28 19 2 60 40
14 13 48 75 56 44 21 14 80 53 11 29 58 24 2 82 63 3 51 31 18 54 73 1 66 65 89 37 20 42 5 64 100 81 46 6 61 49 88 96 72 90 4 86 76 52 15 12 23 50 83 91 77 47 99 41 87 67 34 84 85 16 68 40 78 69 36 70 26 71 22 43 98 74 10 62 27 25 8 28 97 38 7 92 9 57 32 19 55 35 30 79 39 33 17 94
15 97 58 29 27 88 45 87 61 76 96 44 28 19 81 95 65 85 91
16 31 25 79 92 68 7 35 15 19 34 11 95 70 80 58 71 42 28 30 73 86 5 59 56 85 55 98 3 4 53 29 22 14 100 6 76 47 72 49 24 50 65 39 52 26 44 27 16 17 91 1 83 9 41 60 51 10 2 40 23 8 90 32 13 46
17 31 8 63 68 80 85 86 3 71 74 54 70 19 88 65 7 90 72 9 96 5 89 1 91 47 17 46 58 79 60 15 27 64 92 36 48 61 39 75 35 87 13 78 25 93 77 26 98 62 43 95 41 23 14 30 55 51 16 6 84 11
18 74 7 58 47 84 25 19 79 24 16 2 83 18 15 86 36 71 59 8 91 75 34 67 17 22 3 41 53 55 89 14 100 23 68 43 57 95 32 97 85 65 98 90 12 62 6 88 4 50 9 82 33 49 26 42 52 44 13 37 5 94 21 11 20 35 81 92 66 29 60 27 87 72 77 45 99 78 48 40 56 10 28 39 54 69 93 70 30 1 46 73 38 96 31 51 80 63 76 64
19 43 37 44 64
20 19 40 26 93 54 31 85 6 81 28 64 14 55 84 13 76 90 21 35
21 5 43 33 99 76 84 9 90 41 67 55 97 42 23 72 7 45 74 8 26 91 29 95 2 36 57 28 11 15 46 65 18 19 31 81 39 92 3 70 53 14 6 20 80 68 27 48 54 79 71 63 64
22 50 96 40 47 73
23 78 53 38 87 16 74 83 79 24 45 15 63 65 55 17 98 67 36 19 51 3 31 28 94 90 56 80 11 9 47 40 30 99 42 62 18 68 85 26 1 32 84 95 92 93 70 54 71 75 82 27 12 43 37 96 69 41 49 14 10 64 57 100 48 73
24 1 49 32 73 39 75 64 30 57 10 99 92 61 82 26 96 6 67 11 5 88 23 9 29 40 4 33 48 81 3 77 94 76 44 31 85 90
25 40 45 22 61 67 53 12 3 11 24 85 7 96 89 86 63 20 77 78 18 1 87 84 49 65 72 15 5 30 75 50 6 37 21 2 57 27
26 24 19 5 2 72 45 39 84 64 61 66 36 78 60 1 85 56 92 65 86 77 59 83 27 40 30 44 53 32 49 100 93 50 11 41 6 3 28 20 57 87 48 31 42 79 12 46 7 73 22 51 75 96 69 91 58 94 76 67 95 18 4 9 15 68 35 62 26 98
27 24 98 15 21 35 68 57 50 30 87 12 76 36 11 89 58 39 20 63 86 7 100 79 8 66 49 52 91 26 51 13 62 93 40 34 10 55 74 37 92 94 59 18 14 29 53 99 83 72 17 78 31
28 65 35 1 33 26 40 74 44 58 24 4 92 20 9 89 66 23 29 48 96 61 87
29 34 99 97 98 100 7 11 4 35 85 27 43 3 41 48
30 54 90 78 56 67 51 89 17 20 95 8 26 96 7 93 50 25 21 87 60 41 65 81 77 35 76 36 80 3 12 19 47 48 91 45 57 73 32 83 22 58 70 75 9 34 84 42 97 40 69 82 2 16 64 38 43 71 15 63 28 94 85 14 88 44 24 52 79 11 49 98 23
31 71 10 78 7 79 57 61 54 40 15 6 11 14 96 35 64 49 93 76 23 20 73 43 82 63 62 80 24 77 36 89 72 83 39 81 97 31 52 22 46 59 100 94 87 70 66 47 3 12 38 48 2 21 85 84 33 69 5
32 12 74 82 40 36 73 87 7 11 70 79 1 77 47 57 46 100 54 71 83 76 75 90 44 53 55 80 67 65 18 58 93 92 24 88 78 63 81 4 17 45 37 28 32 34 26 60 69 84 5 50 25 97 39 33 62 38 85 2 56 98 86 23 27 61 99 14 3 21 31 15 49 43 35 30 29
33 74 56 97 46 8 5 69 40 47 61 89 36 82 52 50 2 38 99 54 4 77 26 64 95 94 24 83 70 42 75 23 16 55 68 79 32 18 90 10 19 39 59 65 34 9 44 87 12 1 35 91 29 85 45 20 3 14 73 80 21 78 81 13 62 15 60 96 63 71 43 11 93
34 79 48 6 54 75 58 9 78 99 24 5 91 71 28 76 88 92 65 85 30 74 64 17 38 66 53 100 4 26 87 95 67 23 50 62 70 7 84 94 14 90 34 29 11 35 63 13 31 56 81 25 77 97 1 80 39 89 41 60 49 33 2 10 73 43 46 52 19 57 27 93 86 32 15
35 11 77 50 37 98 22 97 30 21 14 4 47 79 83 57 27 91 61 34 75 56 68 60 33 16 74
36 76 42 94 88 55 70 87 44 75 85 56 60 25 73 83 98 93 29 77 36 6 7 84 32 57 48
37 35 22 19 5 97 51 65 9 52 63 60 56 6 82 66 62 46 1 41 80 4 34 29 90 89 17 76 25 79 27 50 14 84 72 48 10 12 38 61 53 36 20 43 55 45 18 98 11 86 77 23 71 96 31 74 57 70 44 91 99 28 7 37 59 54 58 8
38 32 10 57 72 26 66 13 40 34 28 6 51 20 91 93 48 19 11 21 62 65 98 17 50 61 79 97 81 69 83 24 56 15 31 39 45 88 75 43 38 90 44 8 64 58 18 87 41 54 70 33 76 5 86 67 99 85 53 16 27 100 95 42 46 23 82 9 94 73 29 74 68 1 77 84 14 63 37 49 96 60 4 92 36 30 47 25 52
39 35 80 7 69 81 78 57 55 93 91 77 25 49 94 92 36 83 88 38 76 41 99
40 39 34 16 28 48 14 87 73 40 93 53 67 18 56 5 54 2 85 82 49 36 31 81 99 86 69 95 66 80 79 10 17 45 51 41 63 12 78 25 32 7 33 94 68 96 6 60 83 62 91 72 38 20 70 76 58 71 4 9 43 55 27 3 46 52 65 89 59 23 92 35 19 90 42 8 75 22 1 21 74 88 15 29 44 47 77 24 11
41 63 14 76 80 38 37 59 7 18 13 21 1 34 29 47 70 62 5 97 41 75 25 30 56 91 9 46 73 8 83 27 67 96 65 10 90 20 51 35
42 46 1 23 71 7 6 38 20 28 32 69 73 45 8 5 87 30 91 97 15 81 10 2 44 37 41 33 58 25 93 62 66 98 35 74 72 79 77 34 70 68 83 95 89 75 56 51 90
43 47 43 3 28 4 44 41 63 96 21 17
44 46 16 69 49 17 3 67 44 100 13 4 86 41 66 51 43 11 84 74 57 93 73 76 38 58 40 78 87 97 65 83 2 47 28 10 98 15 20 62 64 1 50 70 18 71 48 30 22 96 54 35 36 53 31 61 37
45 30 90 57 33 96 75 80 31 74 87 2 94 70
46 9 46 64 16 38 56 59 32 77 83 23 76 80 3 50 40 28 35 20 63 41 84 29 79 45 21 15 5 88 94 30
47 8 52 53 72 7 71 77 18 51 17 80 59 12 11 73 68 82 65 9 45 100 35 79 76 89 25 46 27 32 49 14 55 88 37 93 48 97 90 87 33 15 42 85 38 36 78 31 2 39 10 20 1 47 70 16 41 84 23 50 56 24 54 44 94 58 13 60 6 22 4 21 74 28 63 26 3 67 91 30 19 57
48 5 20 33 30 58 53 62 32 66 16 6 63 17 68 95 27 52 98 67 51 3 60 88 56 8 48 10 39 85 96 21 1 7 40 50 57 92 100 15 71 99 70 59 41 73 54 36 61 94 9 31 89 65 14 84 97 24 19 72 76 80 47 42 43 28 26 87 22 91 23 82 4 11 55 38 18 37 46 29 13 93 77 25 90 45 75 35 49 69
49 1 94 51 16 92 89 40 90 6 100 72 22 74 2 49 86 80 10 48 15 99 42 3 87 55 93 13 8 28 43 61 79 46 39 82 18 7 32 47 67 41 26 14 50 91 73 97 11 29 58 65 70 37 98 38 21 5 59 88 69 36 64 60 81 20 30 95 27 35 54 52 25 57 44 84 17 19 23 45 33 83 4 85 75 77 24 9 31 56 76 12 68 62 71 66
50 50 28 83 4 18 9 54 40 48 63 88 56 67
51 49 64 45 66 62 29 33 24 91 69 56 73 30 72 77 40 18 53 16 6 42 12 23 46 1 47 92 88 76 67 26 82 35 70 95 58 20 27 5 87 100 48 51 81 54 60 44 10 61 55 57 68 84 63 39 74 83 37 85 3 94 11 2 22 80 15 71 36 25 59 14 89 31 96 13
52 1 93 34 60 87 90 28 33 6 17 52 21 27 43 46 74 3 61 76 23 68 51 58 44 19 70 98 24 31 9 92 16 91 10 65 35 95 45 82 40 55 50 42 47 48 66 97 64 14 25 57 37 53 88 4 13 20 99 39 8 77 63 26 96 81 85 54 79 22 38 71 84 56 73 41 69 11 80
53 13 16 88 94 33 93 89 91 61 50 79 34 43 12 7 60 24 19 80 4 35 53 1 26 3 49 70 44 10 72 64 55 45 71 42 68 98 15 29 6 77 58 17 95 20 46 39 85 69 65 40 41 22 83 62 81 92
54 58 78 74 94 31 92 89 95 98 54 16 43 23 20 34 88 66 30 27 99 60 73 3 38 63 24 53 79 6 36 40 49 39 47 45 46 62 57 22 96 41 71 70 26 18 61 59 67 55 52 86 9 69 32 13 28 8 37 100 4 15 2 5 83 82 97 48 81 12 85 29 33 19 91 72 42 7 75 80 50 56 17 93 35 11 10 90 87 14 77
55 93 5 12 23 72 16 10 7 34 64 30 90 51 6 86 59 21 58 85 29 70 91 68 28 80 37 84 66 62 4 17 74
56 71 62 74 20 57 52 100 43 45 75 28 93 34 36 12 29 2 67 53 65 1 10 5 16 96 72 92 14 15 41 64 80 91 88 63 13 51 69 56 33 83 55 61 8 78
57 20 4 62 86 67 49 1 77 18 43 70 99 8 19 88 63 9 100 79 6 68 78 33 89 94 13 31 29 2 15 32 96 72 51 69 23 91 39 40 80 34 83 35 11 24 28 50 7 26 61 48 56 5 54 55 12 57 36 84 59 25 30 16 95 87 64 60 22 85 98 38 81 3 53 92 44 66 58 47 65 14 75 97 46 74 42 90 76 37
58 79 2 66 56 15 65 88 34 59 68 94 49 98 30 73 61 89 78 43 32 77 16 7 71 91 97 48 31 50 57 29 26 24 27 19 25 17 51 87 1
59 93 38 57 70 20 55 69 17 42 74 54 46 14 94 78 73 72 25 2 59 89 24 33 37 96 8 86 5 34 41 100 10 83 67 75 81 49 11 68 28 64 71 50 22 63 39 43 84 6 19 1 52 47 92 56 13 45 98 91 79 90 80 44 40 31
60 80 47 99 24 23 72 94 35
61 69 63 57 11 33 78 58 79 7 30 80 4 77 29 97 68 8 24 89 39 19 12 99 61 10 95 73 27 48 1 49 37 42 16 98 34 72 85 94 41 32 36 84 88 3 21 82 66 76 92 74 5 53 60 20 17 45 50 83 28 18 64 14 52 55 67 46 35 65 44 6 54 9 62 59 56 38 22 71 2 86 100 81 87 90 91 40 51 13 15 26 23 93 25 43
62 39 71 62 84 2 22 48 64 36 24 5 91 10 12 1 98 55 11 14 43 97 67 8 26 54 57 51 87 27 80 94 89 73 77 45 41 4 44 82
63 24 3 49 64
64 76 36 100 94 79 48 27 34 21 18 69 42 39 58 23 65 49 40 10
65 26 96 13 51 61 35 18 29 11
66 36 43 45 89 10 55 87 65 98 74 17 16 6 51 61 8 78 53 94 67 24 12 97 37 82 56 81 23 30 57 88 69 77
67 48 9 77 50 26 66 79 18 86 81 54 83 6 87 60 67 69 82 94 70 59 75 17 10 40 13 49 22 16 74 80 88 34 28 68 93 89 32 46 64 72 71 1 38 41 11 25 65 78 44 58 35 7 27 42 33 97 47 90 4 14 43
68 70 75 18 2 54 60 38 11 74 57 86 46 63 91 62 19 16 33 34 47 49 96 25 100 65 88 97 12 42 22 85 80 90 82 43 26 23 39 95 17 48 20 98 37 73 71 50 52 61 78 64 32 58 72 92 30 1 68 35 83 21 67 56 51 93 7 15 81 13 24 8 29 79 9 36 45 5 10 4 40 44 41 6 69 28 55 84 76 59 87 27 94 99 66
69 89 12 4 14 88 72 15 36 86 32 53 96
70 53 74 24 47 99 58 46 57 71 67 30 23 77 31 33 100 79 78 62 3 48 69 42 94 11 84 34 38 2 12 92 17 39 96 89 44 54 81 26 4 32 86 95 64 1 56 65 16 83 43 7 21 45 85 41 80 91 73 14 5 18 51 55 28 40 19 88 98 15 8 70 13 20 6 87 37 66 49 25 90 27 52 63
71 12 40 20 60 59 78 52 41 64 76 88 93 3 95 84 11 14 58 100 24 55 63 21 54 97 79 32 61
72 56 38 51 45 81 30 87 17 34 58 97 70 80 10 28 40 14 82 66 50 65 77 93 24 35 22 90 63 4 64 67 68 32 72 59
73 38 56 6 83 8 100 73 80 71 43 90 1 45 95 2 22 96 75 7 15 93 33 61 63 29 18 40 3 67 47 27 94 84 10 30 55 26 49 74 17 36 98 37 19 69 13 99 97 50 91 88 31 39 92 28 82 16 44 35 64
74 32 60 95 67 36 84 22 23 42 17 89 40 69 45 10 21 66 62 85 39 61 51 14 63 8 98
75 98 63 81 93 45 51 72 3 60 70 42 10 79 89 80 91 16 39 1 100 8 75 65 55 53 95 74 48 34 71 49 87 35 9 44 97 11 58 38 88 33 92 90 28 25 57 41 23 99 27 13 69 85 61 86 76 21 62 12 24 50 30 2 32 82 37 15 20 18 52 17 6 4 73 59 46 7 5
76 75 9 95 39 18 80 1 20 68 33 6 56 100 62 58 34 74 73 53 10 66 89 85 26 4 37 97 84 17 83 65 64 82 16 81 2 88 46 7 41 99 24 28 48 77 69 70 92 61 93 29 21
77 44 69 20 98 54 66 93 88 15 33 1 74 47 10 5 97 23 25 95 19 81 3 29 62 46 100 42 86 55 13 91 78 45 76 11 16 73 12 50 57 94 40 24 84 92 99 2 35 60 4
78 88 19 64 49 70 57 4 31 46 1 99 87 8
79 56 62 17 15 22 76 42 73 60 2 89 10 79 13 11 35 83 71 91 78 96 12 55 63 32 87 38 82 100 18 44 1 29 21 86 66 5 50 53 37 28 77 8 54 46 51 97 36 31 4 9 25 88 34 59 72 20 64 47 14 26 69 75 68 39 52 41 27 24 49 58 6 81 65 30 43 7 48 16 61 90 67 85 84 33 70 93 94 95 74 92 40 99 98 19 45
80 59 84 4 48 30 31
81 24 100 23 37 77 17 55 8 39 93 29 88 70 89 61 26 40 5 45 41 72 25 7 86 15 30 49 34 32 36
82 21 26 60 12 90 17 57 18 41 73 98 44 50 82 29 71 89 22 86 53 47 88 13 92 43 51 32 15 67 95 4 42 96 14 61 87 9 19 33 63 85 35 46 80 62 37 36 49 1 77 55 52 6 3 69 65 93 59 64 20 84 23 48 16 40 74 10 30 72 25 91 11 78 7
83 92 50 81 12 47 86 68 64 35 59 70 84 48 39 99 74 24 32 34 42 56 75 67 80 9 20 87 53 73 40 8 1 45 51 95 63 15 11 5 2 30 43 78 93 6 96 38 79
84 14 61 26 78 76 70 93 41 22 4 34 12 15 7 45 51 50 86 98 24 10 69 16 2 60 96 31 18 23 66 80 81
85 77 25 80 88 76 56 32 13 20 82 24 28 57 19 4 39 21 62 68 37 97 17 72 3 98 23 16 26 65 52 15 6 92 47 73 45 31 35 1 100 27 70 79 60 99 55 43 22 50 89 11 34 38 51 54 9 40 67
86 63 26 69 35 66 100 20 47 19 39 67 15 82
87 91 42 18 69 17 76 52 58 64 13 16 1 68 41 95 99 48 50 75 44 9 19 47 8 14 7 10 83 11 54 77 89 90 93 43 12 55 72 25 22 4 88 97 24 31 84 85 21 62 30 26 65 38 57 63 29 82 20 60 45 27 78 86 61 70 92 94 2 33 15 87 35 96
88 13 91 82 20 41 63 87 74 12 9 1 99 48 32 39 93 71 60 31 62 11 3 92 88 30 85 8 52 36 38 61 68 26 76 44 86 90 29 65 69 58 37 22 72 5 6 34 73 43 55 15 10 75 83 67 45 16 80 54 98 33 59 64 2 97 46 79 25 57 28 47 17 78 51 95 21 100 7 49 14 81 84 27 53 56 4 23 89 50 77 18 42 24 70 19 94 96
89 88 79 50 8 89 63 24 4 87 91 10 99 36 33 12 9 53 22 28 98 48 6 35 25 16 60 59 18 90 86 19 55 44 83 95 45 71 42 2 92 37 75 73 82 77 40 20 1 13 43 58 21 51 15 47 52 68 97 65 32 30 84 56 80 61 49 66 31 100 11 39 41 23 62 64 7 94 78 74 5 17 67 14 27
90 53 57 69 3 19 92 41 85 67 44 63 10 50 78 29 76 60 61 2 48 15 46 6 86 7 34 84 8 25 97 1 49 90 45 62 100 59 9 47 71 28 79 64 23 88 39 91 89 17 11 54 16 51 33 98
91 4 32 20 69 25 66 76 63
92 58 79 14 37 99 25 91 46 88 15 32 2 65 53 71 6
93 18 35 36 85 34 40 17 75 26
94 36 31 100 69 65 41 23 53 52 46 83 71 73 50 48 47 58 54 20 29 70 60 72 86 56 12 39 95 27 37 40 77 64 89 49 38 51 7
95 97 31 93 15 37 30 55 51 29 47 14 48 45
96
97 24 42 10 49 20 9 59 63 33 46 40 5 18 93 65 91 57 89 50 67 64 25 95 48 96 78 58 68 88 77 35 19 61 15 44 4 47 71 60 100 13 94 92 34 53 85 70 12 98 36 30 43 27 99 1 41 17 7 74 52 32 72 11 38 26
98 82 13 75
99 28 56 57 14 100 22 87 24 58 78 67
100 1 52 15 99 48 61 77 89 58 64 23 51 42 20 17 59 6 21 63 92 74 88 13 29 24 53 73 31 38 5 7 98 66 44 80 27 81 18 82 26 85 69 45 93 62 83 14 3 41 78 40 87 46 22 68 60 79 50 95 67